0 512 44.6825 0.408163 452.035
0 1024 24.5515 0.261643 884.514
0 2048 13.0701 0.131027 1770.12
0 3072 11.2983 0.139762 2655.58
0 4096 9.19670 0.104863 3541.37
1 512 446.132 9.77778 450.222
1 1024 316.893 5.66683 872.042
1 2048 166.306 2.3114 1762.36
1 3072 113.238 1.59029 2649.93
1 4096 94.7435 1.35135 3534.67
2 512 446.132 9.77778 450.222
2 1024 290.339 4.04192 822.222
2 2048 197.964 3.27778 1550.67
2 3072 148.246 2.66621 2585.35
2 4096 110.913 1.81281 3486.21
3 512 446.132 9.77778 450.222
3 1024 271.226 3.50791 882.299
3 2048 149.724 2.00711 1767.65
3 3072 109.89 1.50402 2653.8
3 4096 69.3159 1.07083 3539.36
